{
 "cells": [
  {
   "cell_type": "code",
   "execution_count": 13,
   "id": "509a57ee",
   "metadata": {},
   "outputs": [
    {
     "name": "stdout",
     "output_type": "stream",
     "text": [
      "tensor([[0.1921, 0.1646, 0.1652, 0.1550, 0.1721, 0.1510],\n",
      "        [0.2041, 0.1659, 0.1662, 0.1496, 0.1665, 0.1477],\n",
      "        [0.2036, 0.1659, 0.1662, 0.1498, 0.1664, 0.1480],\n",
      "        [0.1869, 0.1667, 0.1668, 0.1571, 0.1661, 0.1564],\n",
      "        [0.1830, 0.1669, 0.1670, 0.1588, 0.1658, 0.1585],\n",
      "        [0.1935, 0.1663, 0.1666, 0.1542, 0.1666, 0.1529]],\n",
      "       grad_fn=<SoftmaxBackward0>)\n"
     ]
    }
   ],
   "source": [
    "# 3.5.1 Applying a causal attention mask\n",
    "\n",
    "import torch\n",
    "import torch.nn as nn\n",
    "\n",
    "inputs = torch.tensor(\n",
    "  [[0.43, 0.15, 0.89], # Your     (x^1)\n",
    "   [0.55, 0.87, 0.66], # journey  (x^2)\n",
    "   [0.57, 0.85, 0.64], # starts   (x^3)\n",
    "   [0.22, 0.58, 0.33], # with     (x^4)\n",
    "   [0.77, 0.25, 0.10], # one      (x^5)\n",
    "   [0.05, 0.80, 0.55]] # step     (x^6)\n",
    ")\n",
    "\n",
    "d_in = inputs.shape[1] # input size of embedding\n",
    "d_out = 2 # ouput size of embedding\n",
    "\n",
    "\n",
    "class SelfAttention_v2(nn.Module):\n",
    "    def __init__(self,d_in, d_out, qkv_bias = False):\n",
    "        super().__init__()\n",
    "        self.d_out = d_out\n",
    "        self.W_query = nn.Linear(d_in,d_out, bias=False)\n",
    "        self.W_key = nn.Linear(d_in,d_out, bias=False)\n",
    "        self.W_value = nn.Linear(d_in,d_out, bias=False)\n",
    "\n",
    "    def forward(self, x):\n",
    "        keys = self.W_key(x)\n",
    "        queries = self.W_query(x)\n",
    "        values = self.W_value(x)\n",
    "\n",
    "        attn_scores = queries @ keys.T\n",
    "        attn_weights = torch.softmax(attn_scores / keys.shape[-1]**0.5, dim=-1 )\n",
    "\n",
    "        context_vec = attn_weights @ values\n",
    "\n",
    "        return context_vec\n",
    "\n",
    "torch.manual_seed(789)\n",
    "sa_v2 = SelfAttention_v2(d_in=3, d_out=2)\n",
    "\n",
    "# Calclulate queries, keys and attention scores\n",
    "queries = sa_v2.W_query(inputs)\n",
    "keys = sa_v2.W_key(inputs) \n",
    "attn_scores = queries @ keys.T\n",
    "\n",
    "attn_weights = torch.softmax(attn_scores / keys.shape[-1]**0.5, dim=-1)\n",
    "print(attn_weights)"
   ]
  },
  {
   "cell_type": "code",
   "execution_count": null,
   "id": "6b526531",
   "metadata": {},
   "outputs": [
    {
     "name": "stdout",
     "output_type": "stream",
     "text": [
      "tensor([[1., 0., 0., 0., 0., 0.],\n",
      "        [1., 1., 0., 0., 0., 0.],\n",
      "        [1., 1., 1., 0., 0., 0.],\n",
      "        [1., 1., 1., 1., 0., 0.],\n",
      "        [1., 1., 1., 1., 1., 0.],\n",
      "        [1., 1., 1., 1., 1., 1.]])\n",
      "tensor([[0.1921, 0.0000, 0.0000, 0.0000, 0.0000, 0.0000],\n",
      "        [0.2041, 0.1659, 0.0000, 0.0000, 0.0000, 0.0000],\n",
      "        [0.2036, 0.1659, 0.1662, 0.0000, 0.0000, 0.0000],\n",
      "        [0.1869, 0.1667, 0.1668, 0.1571, 0.0000, 0.0000],\n",
      "        [0.1830, 0.1669, 0.1670, 0.1588, 0.1658, 0.0000],\n",
      "        [0.1935, 0.1663, 0.1666, 0.1542, 0.1666, 0.1529]],\n",
      "       grad_fn=<MulBackward0>)\n",
      "tensor([[1.0000, 0.0000, 0.0000, 0.0000, 0.0000, 0.0000],\n",
      "        [0.5517, 0.4483, 0.0000, 0.0000, 0.0000, 0.0000],\n",
      "        [0.3800, 0.3097, 0.3103, 0.0000, 0.0000, 0.0000],\n",
      "        [0.2758, 0.2460, 0.2462, 0.2319, 0.0000, 0.0000],\n",
      "        [0.2175, 0.1983, 0.1984, 0.1888, 0.1971, 0.0000],\n",
      "        [0.1935, 0.1663, 0.1666, 0.1542, 0.1666, 0.1529]],\n",
      "       grad_fn=<DivBackward0>)\n",
      "tensor([[0.2899,   -inf,   -inf,   -inf,   -inf,   -inf],\n",
      "        [0.4656, 0.1723,   -inf,   -inf,   -inf,   -inf],\n",
      "        [0.4594, 0.1703, 0.1731,   -inf,   -inf,   -inf],\n",
      "        [0.2642, 0.1024, 0.1036, 0.0186,   -inf,   -inf],\n",
      "        [0.2183, 0.0874, 0.0882, 0.0177, 0.0786,   -inf],\n",
      "        [0.3408, 0.1270, 0.1290, 0.0198, 0.1290, 0.0078]],\n",
      "       grad_fn=<MaskedFillBackward0>)\n",
      "tensor([[1.0000, 0.0000, 0.0000, 0.0000, 0.0000, 0.0000],\n",
      "        [0.5517, 0.4483, 0.0000, 0.0000, 0.0000, 0.0000],\n",
      "        [0.3800, 0.3097, 0.3103, 0.0000, 0.0000, 0.0000],\n",
      "        [0.2758, 0.2460, 0.2462, 0.2319, 0.0000, 0.0000],\n",
      "        [0.2175, 0.1983, 0.1984, 0.1888, 0.1971, 0.0000],\n",
      "        [0.1935, 0.1663, 0.1666, 0.1542, 0.1666, 0.1529]],\n",
      "       grad_fn=<SoftmaxBackward0>)\n"
     ]
    }
   ],
   "source": [
    "# Creating mask with tril function\n",
    "context_length = attn_scores.shape[0]\n",
    "mask_simple = torch.tril(torch.ones(context_length, context_length))\n",
    "print(mask_simple)\n",
    "\n",
    "masked_simple = attn_weights * mask_simple\n",
    "print(masked_simple)\n",
    "\n",
    "# Renormailize\n",
    "row_sums = masked_simple.sum(dim=-1, keepdim=True)\n",
    "masked_simple_norm = masked_simple / row_sums\n",
    "print(masked_simple_norm)\n",
    "\n",
    "# Using softmax\n",
    "mask = torch.triu(torch.ones(context_length, context_length), diagonal=1)\n",
    "masked = attn_scores.masked_fill(mask.bool(), -torch.inf)\n",
    "print(masked)\n",
    "attn_weights = torch.softmax(masked / keys.shape[-1]**0.5, dim=1) \n",
    "print(attn_weights)"
   ]
  },
  {
   "cell_type": "code",
   "execution_count": null,
   "id": "bb45caa6",
   "metadata": {},
   "outputs": [
    {
     "name": "stdout",
     "output_type": "stream",
     "text": [
      "tensor([[2.0000, 0.0000, 0.0000, 0.0000, 0.0000, 0.0000],\n",
      "        [0.0000, 0.0000, 0.0000, 0.0000, 0.0000, 0.0000],\n",
      "        [0.7599, 0.6194, 0.6206, 0.0000, 0.0000, 0.0000],\n",
      "        [0.0000, 0.4921, 0.4925, 0.0000, 0.0000, 0.0000],\n",
      "        [0.0000, 0.3966, 0.0000, 0.3775, 0.0000, 0.0000],\n",
      "        [0.0000, 0.3327, 0.3331, 0.3084, 0.3331, 0.0000]],\n",
      "       grad_fn=<MulBackward0>)\n"
     ]
    }
   ],
   "source": [
    "# 3.5.1 Masking additional attention weights with dropout\n",
    "torch.manual_seed(123)\n",
    "dropout = torch.nn.Dropout(0.5)\n",
    "print(dropout(attn_weights))"
   ]
  },
  {
   "cell_type": "code",
   "execution_count": 17,
   "id": "9f6a7f49",
   "metadata": {},
   "outputs": [
    {
     "name": "stdout",
     "output_type": "stream",
     "text": [
      "torch.Size([2, 6, 3])\n",
      "tensor([[[-0.4519,  0.2216],\n",
      "         [-0.5695,  0.0343],\n",
      "         [-0.6141, -0.0377],\n",
      "         [-0.5642, -0.0717],\n",
      "         [-0.5490, -0.0906],\n",
      "         [-0.5291, -0.0961]],\n",
      "\n",
      "        [[-0.4519,  0.2216],\n",
      "         [-0.5695,  0.0343],\n",
      "         [-0.6141, -0.0377],\n",
      "         [-0.5642, -0.0717],\n",
      "         [-0.5490, -0.0906],\n",
      "         [-0.5291, -0.0961]]], grad_fn=<CloneBackward0>)\n",
      "context_vecs.shape: torch.Size([2, 6, 2])\n"
     ]
    }
   ],
   "source": [
    "# 3.5.3 Implementing a compact causal attention class\n",
    "import torch\n",
    "import torch.nn as nn\n",
    "\n",
    "\n",
    "batch = torch.stack((inputs, inputs), dim=0)\n",
    "print(batch.shape) # 2 inputs with 6 tokens each, and each token has embedding dimension 3\n",
    "\n",
    "class CausalAttention(nn.Module):\n",
    "    def __init__(self, d_in, d_out, context_length, dropout=0.5, qkv_bias=False):\n",
    "        super().__init__()\n",
    "        self.d_in = d_in\n",
    "        self.d_out = d_out\n",
    "        self.W_query = nn.Linear(d_in, d_out, bias=qkv_bias)\n",
    "        self.W_key = nn.Linear(d_in, d_out, bias=qkv_bias)\n",
    "        self.W_value = nn.Linear(d_in, d_out, bias=qkv_bias)\n",
    "        self.dropout = nn.Dropout(dropout)\n",
    "        self.register_buffer('mask', torch.triu(torch.ones(context_length, context_length), diagonal=1)) # New\n",
    "\n",
    "\n",
    "    def forward(self, x):\n",
    "        b, num_tokens, d_in = x.shape\n",
    "\n",
    "        keys = self.W_key(x)\n",
    "        queries = self.W_query(x)\n",
    "        values = self.W_value(x)\n",
    "\n",
    "        att_scores = queries @ keys.transpose(1, 2)\n",
    "\n",
    "        # Using masking\n",
    "        attn_scores.masked_fill_(  # New, _ ops are in-place\n",
    "            self.mask.bool()[:num_tokens, :num_tokens], -torch.inf)  # `:num_tokens` to account for cases where the number of tokens in the batch is smaller than the supported context_size\n",
    "        attn_weights = torch.softmax(\n",
    "            attn_scores / keys.shape[-1]**0.5, dim=-1\n",
    "        )\n",
    "        attn_weights = self.dropout(attn_weights) # New\n",
    "\n",
    "        context_vec = attn_weights @ values\n",
    "        return context_vec\n",
    "\n",
    "\n",
    "\n",
    "torch.manual_seed(123)\n",
    "\n",
    "context_length = batch.shape[1]\n",
    "ca = CausalAttention(d_in, d_out, context_length, 0.0)\n",
    "\n",
    "context_vecs = ca(batch)\n",
    "\n",
    "print(context_vecs)\n",
    "print(\"context_vecs.shape:\", context_vecs.shape)\n"
   ]
  }
 ],
 "metadata": {
  "kernelspec": {
   "display_name": "dl",
   "language": "python",
   "name": "python3"
  },
  "language_info": {
   "codemirror_mode": {
    "name": "ipython",
    "version": 3
   },
   "file_extension": ".py",
   "mimetype": "text/x-python",
   "name": "python",
   "nbconvert_exporter": "python",
   "pygments_lexer": "ipython3",
   "version": "3.13.7"
  }
 },
 "nbformat": 4,
 "nbformat_minor": 5
}
